	0.980225	-0.213013
	1.028137	-0.151367
	0.879517	-0.236206
	0.977783	-0.154419
	0.891418	-0.163269
	0.881042	-0.250854
	1.095886	-0.083008
	0.725403	-0.280457
	1.113281	-0.103455
	0.917053	-0.201111
	0.992432	-0.213318
	0.775757	-0.128174
	0.738220	-0.266418
	0.841675	-0.165100
	1.103210	-0.190125
	0.974731	-0.209961
	0.893250	-0.158997
	0.875244	-0.211792
	0.834045	-0.154724
	1.086121	-0.171204
	0.856934	-0.215759
	0.937500	-0.086975
	0.821838	-0.259399
	0.861816	-0.153198
	0.863037	-0.163269
	0.832520	-0.269470
	0.852966	-0.095215
	0.876465	-0.274048
	1.102295	-0.166931
	0.967102	-0.174866
	1.113586	-0.226440
	0.694275	-0.135498
	0.665283	-0.197144
	0.953369	-0.182495
	0.960999	-0.120544
	0.880432	-0.258179
	1.041565	-0.148621
	0.899658	-0.189209
	1.071472	-0.229187
	1.089172	-0.119019
	1.016235	-0.237122
	0.632324	-0.152588
	0.491638	-0.202637
	1.136475	-0.208740
	1.260071	-0.200195
	1.230164	-0.184631
	0.857544	-0.222778
	0.674133	-0.172119
	0.836487	-0.205078
	1.184082	-0.178223
	1.099854	-0.179749
	0.694275	-0.242004
	0.850525	-0.111389
	1.173706	-0.258484
	0.892029	-0.155029
	0.763855	-0.191650
	0.774841	-0.226440
	1.049500	-0.137939
	1.282349	-0.211487
	1.026917	-0.193481
	0.909119	-0.151978
	0.705566	-0.262451
	0.763855	-0.122986
	0.970764	-0.216980
	1.174622	-0.231018
	0.963440	-0.136414
	0.695190	-0.294495
	0.720520	-0.105286
	1.081543	-0.238037
	1.091614	-0.201721
	0.848389	-0.149841
	0.993958	-0.231323
	0.896301	-0.141907
	0.925598	-0.185852
	0.649414	-0.226746
	0.853577	-0.111694
	0.971069	-0.232239
	1.079102	-0.190430
	1.087036	-0.133362
	0.880127	-0.289917
	0.877075	-0.089722
	0.796204	-0.286560
	1.031494	-0.146790
	0.925293	-0.191345
	1.063843	-0.202637
	0.793152	-0.147400
	0.858154	-0.192871
	0.838318	-0.166321
	0.847473	-0.146179
	0.934448	-0.200195
	0.951843	-0.207214
	1.048584	-0.134583
	0.961609	-0.284119
	0.869446	-0.145264
	0.761414	-0.239258
	1.022034	-0.242615
	1.148682	-0.159912
	1.124268	-0.218811
	0.625305	-0.195312
	0.920105	-0.121155
	0.847473	-0.222778
	0.975037	-0.063171
	1.007690	-0.238647
	0.951233	-0.194092
	0.890198	-0.138245
	0.815430	-0.317383
	0.826416	-0.110474
	0.882568	-0.278320
	0.996094	-0.197449
	1.306152	-0.161133
	0.903931	-0.303345
	0.534668	-0.056152
	0.741577	-0.200806
	0.939026	-0.186768
	1.172791	-0.076599
	0.812988	-0.285034
	0.762024	-0.099182
	0.875549	-0.201111
	0.920410	-0.288086
	0.890808	-0.071716
	0.914917	-0.363770
	1.181946	-0.101929
	0.939636	-0.185547
	0.837097	-0.254517
	0.693359	-0.090332
	0.964661	-0.303345
	0.956116	-0.121765
	0.835266	-0.186462
	1.129761	-0.248413
	1.073608	-0.091248
	1.046448	-0.313721
	0.838013	-0.190430
	0.870667	-0.129089
	0.985718	-0.317078
	1.027832	-0.043030
	1.018677	-0.274353
	0.743103	-0.184326
	0.723267	-0.091858
	0.766296	-0.268860
	1.038208	-0.054932
	0.971375	-0.276184
	1.047668	-0.187988
	1.026001	-0.135193
	0.935059	-0.320740
	0.760498	-0.139465
	0.810242	-0.242920
	1.157532	-0.257568
	1.113281	-0.066528
	0.931396	-0.260925
	0.580750	-0.119629
	0.866089	-0.140381
	1.154785	-0.242004
	0.809021	-0.058594
	0.869446	-0.260010
	0.742493	-0.184021
	0.904846	-0.125427
	1.080627	-0.312500
	0.964661	-0.134583
	0.875244	-0.239868
	0.824890	-0.249634
	0.903015	-0.081177
	0.986328	-0.296021
	1.075134	-0.053101
	0.578003	-0.169678
	0.846252	-0.196838
	1.047363	-0.066528
	0.954285	-0.267334
	0.911560	-0.151672
	0.956116	-0.190125
	0.849915	-0.258789
	0.554199	-0.155945
	0.823059	-0.249939
	1.050720	-0.209351
	0.949097	-0.129395
	0.864258	-0.256958
	0.942078	-0.103760
	1.142578	-0.186157
	0.924072	-0.180054
	0.584412	-0.116882
	0.963135	-0.241089
	0.912476	-0.140076
	0.850220	-0.208435
	0.853577	-0.248718
	0.977478	-0.183411
	1.310120	-0.243530
	1.015625	-0.213013
	1.055298	-0.131836
	0.975342	-0.264587
	0.830383	-0.116882
	0.958252	-0.222473
	1.004028	-0.187683
	1.054077	-0.123596
	1.150818	-0.267639
	0.708008	-0.112000
	0.928345	-0.224915
	0.902710	-0.230408
	0.848083	-0.141602
	1.160583	-0.233459
	0.708313	-0.199890
	0.790100	-0.112915
	0.939941	-0.253906
	1.111755	-0.065613
	0.835266	-0.259399
	0.834351	-0.153503
	0.916748	-0.136719
	0.857239	-0.315247
	0.870667	-0.042114
	1.008911	-0.308838
	1.000977	-0.185852
	0.654907	-0.147095
	0.824585	-0.309143
	0.925903	-0.131226
	1.183777	-0.170593
	0.984802	-0.227661
	0.898437	-0.105896
	0.823975	-0.219116
	0.959778	-0.202637
	0.957947	-0.114136
	0.961609	-0.185852
	0.827637	-0.165710
	0.935974	-0.167847
	0.975952	-0.214539
	0.873718	-0.200500
	0.881348	-0.169678
	0.883789	-0.214844
	1.010742	-0.177002
	1.142273	-0.216370
	0.874023	-0.175781
	0.622559	-0.193787
	0.653076	-0.185242
	0.983276	-0.156250
	1.216125	-0.210876
	0.962830	-0.141602
	0.660095	-0.186768
	0.763550	-0.162048
	0.806580	-0.215759
	1.060791	-0.141907
	0.793152	-0.230408
	0.635681	-0.153809
	0.820923	-0.199280
	1.087341	-0.226746
	1.072388	-0.127869
	1.033325	-0.231018
	0.856628	-0.168762
	0.862427	-0.165100
	0.796204	-0.239868
	0.825195	-0.128174
	1.106873	-0.186768
	1.134644	-0.231018
	0.985413	-0.110168
	0.806885	-0.306396
	0.792236	-0.137634
	1.043396	-0.187073
	1.060791	-0.253906
	0.807800	-0.113831
	0.895691	-0.238953
	1.016846	-0.171814
	1.040039	-0.138855
	0.975647	-0.202942
	0.861511	-0.182190
	0.968628	-0.142822
	0.863342	-0.244141
	0.968018	-0.158386
	0.931702	-0.195312
	1.118469	-0.216370
	0.817871	-0.202637
	0.875854	-0.196228
	0.960083	-0.243530
	0.857849	-0.168457
	0.888672	-0.195312
	0.964050	-0.209045
	0.906372	-0.118713
	0.791626	-0.257874
	1.052246	-0.085754
	0.841370	-0.234680
	0.974731	-0.142212
	0.730286	-0.189514
	1.015320	-0.221863
	0.737610	-0.183411
	1.134033	-0.152588
	0.685120	-0.270691
	0.756226	-0.120239
	0.790405	-0.186462
	0.920410	-0.235596
	0.910339	-0.068054
	0.848389	-0.239868
	0.898132	-0.146484
	0.801086	-0.161743
	1.023254	-0.252075
	1.051636	-0.157166
	1.172485	-0.263977
	1.091309	-0.205688
	0.649414	-0.161438
	0.948181	-0.234985
	0.872803	-0.143738
	0.922546	-0.166016
	1.031189	-0.186462
	0.808716	-0.118713
	0.781250	-0.194092
	1.072083	-0.180664
	0.965271	-0.216980
	0.800476	-0.192261
	0.823975	-0.224609
	1.147461	-0.195007
	0.967407	-0.254517
	1.192932	-0.163574
	0.819092	-0.203552
	0.816345	-0.195923
	0.769958	-0.140076
	0.989685	-0.171204
	0.788269	-0.147095
	0.847473	-0.148010
	0.892639	-0.187378
	0.711975	-0.226746
	0.906677	-0.162048
	1.075134	-0.234375
	1.046753	-0.187378
	0.984192	-0.215759
	0.899353	-0.214844
	1.054077	-0.143127
	0.738831	-0.269775
	0.773315	-0.093079
	0.995178	-0.195923
	0.974426	-0.182800
	0.908813	-0.124512
	1.145325	-0.243530
	0.923462	-0.198059
	0.993958	-0.144043
	0.946350	-0.311279
	0.925293	-0.093079
	0.842285	-0.248718
	1.052856	-0.195007
	0.972900	-0.138550
	0.832214	-0.277405
	0.888977	-0.053406
	0.953369	-0.274658
	1.030273	-0.123901
	1.115112	-0.098877
	0.873108	-0.283813
	0.763550	-0.061340
	0.893250	-0.210571
	0.846863	-0.244141
	0.995178	-0.075378
	1.298218	-0.317078
	0.925293	-0.151367
	0.773010	-0.184937
	0.624390	-0.305481
	1.001587	-0.039978
	1.172180	-0.336914
	1.163330	-0.068054
	0.762634	-0.212708
	0.895691	-0.249939
	0.781555	-0.066833
	0.970764	-0.269470
	0.854187	-0.159912
	0.909424	-0.132751
	1.076355	-0.317078
	1.192627	-0.076904
	0.807800	-0.241394
	0.792847	-0.231018
	0.821228	-0.061340
	0.845947	-0.351868
	1.184082	-0.047302
	1.244507	-0.245361
	0.989380	-0.214844
	0.637817	-0.088501
	0.663147	-0.312195
	1.041565	-0.085144
	1.069031	-0.249023
	1.123657	-0.238037
	0.783081	-0.112000
	0.794373	-0.281067
	0.954590	-0.108948
	1.018982	-0.203247
	0.872803	-0.216064
	0.713806	-0.065613
	0.739441	-0.312195
	1.085205	-0.067139
	1.079712	-0.272522
	1.159058	-0.185547
	1.053772	-0.146179
	1.005859	-0.318604
	0.675659	-0.100708
	0.971985	-0.221863
	1.113892	-0.201111
	0.997009	-0.075684
	0.638428	-0.302734
	0.842285	-0.098877
	0.953369	-0.164795
	0.778809	-0.270081
	0.921631	-0.014954
	0.906677	-0.369568
	0.838623	-0.122375
	0.882263	-0.146790
	1.107178	-0.333862
	0.827942	-0.043030
	0.925903	-0.251465
	0.840759	-0.178833
	0.923157	-0.097656
	1.129761	-0.288086
	0.924072	-0.070190
	0.791016	-0.196838
	0.534363	-0.292969
	0.928040	-0.016479
	1.253967	-0.370483
	1.026001	-0.104980
	0.672913	-0.209351
	0.850830	-0.263367
	0.788879	-0.055847
	1.143494	-0.299072
	0.989990	-0.122986
	0.718079	-0.169678
	0.875854	-0.238647
	1.077576	-0.110168
	1.045837	-0.288086
	0.920715	-0.158081
	1.221008	-0.166321
	0.658875	-0.306396
	0.696106	-0.030823
	0.880127	-0.309143
	1.039734	-0.133362
	0.944519	-0.110779
	0.753784	-0.336609
	0.551147	-0.024414
	0.776062	-0.311279
	1.151123	-0.164490
	1.292725	-0.117187
	1.011047	-0.338135
	0.680237	-0.057068
	0.777283	-0.225220
	0.690002	-0.228577
	0.934143	-0.024109
	1.049500	-0.340271
	0.852356	-0.027161
	0.685120	-0.183411
	0.657959	-0.309753
	1.004333	0.013733
	1.300049	-0.390015
	0.781555	-0.124817
	0.824280	-0.144348
	0.957336	-0.387878
	0.896606	0.004883
	0.796204	-0.295715
	0.967407	-0.202332
	1.018982	-0.048218
	1.231384	-0.346680
	1.109009	0.020447
	0.723877	-0.239868
	0.580444	-0.250854
	0.721741	-0.001526
	1.084290	-0.407715
	1.372070	-0.028992
	0.941162	-0.286560
	0.832825	-0.264587
	0.470581	-0.050659
	1.003113	-0.341492
	1.138000	-0.069275
	1.021729	-0.188599
	0.824280	-0.270081
	1.057434	0.016479
	0.817566	-0.324097
	0.701904	-0.108337
	0.872192	-0.180664
	1.028748	-0.321655
	0.938110	-0.021973
	0.924072	-0.367737
	0.821533	-0.125427
	0.743408	-0.188904
	1.358643	-0.313416
	1.310425	-0.018616
	0.865173	-0.267944
	0.207214	-0.147095
	0.633850	-0.053711
	1.022034	-0.356445
	1.271362	-0.013733
	1.049805	-0.267029
	0.696716	-0.240784
	0.753479	-0.073547
	1.021729	-0.383606
	1.047974	-0.051880
	1.108398	-0.274963
	0.960693	-0.226746
	0.661011	-0.066223
	0.809021	-0.310059
	0.872192	-0.096741
	1.195068	-0.174561
	0.794067	-0.289917
	0.796204	-0.074158
	0.854492	-0.289917
	0.754700	-0.178528
	1.024170	-0.126953
	1.479492	-0.350342
	1.235657	-0.090942
	0.715027	-0.273437
	0.764465	-0.213623
	1.020813	-0.092773
	0.850525	-0.279541
	0.810852	-0.066528
	0.937500	-0.180359
	1.153564	-0.212708
	1.082458	-0.065002
	0.670166	-0.286255
	0.758057	-0.138245
	0.599365	-0.201111
	1.026917	-0.307922
	1.326294	-0.075989
	1.086731	-0.352783
	0.904846	-0.116272
	0.640564	-0.197754
	0.938416	-0.234375
	0.880127	-0.057983
	1.217346	-0.244141
	1.186218	-0.097351
	0.782776	-0.152893
	0.563049	-0.230713
	0.776978	-0.114136
	0.922852	-0.254517
	1.051025	-0.209351
	1.021729	-0.108032
	0.679016	-0.366821
	0.848389	-0.067139
	0.816040	-0.257263
	1.029968	-0.215149
	0.937805	-0.062866
	0.988159	-0.259705
	0.713501	-0.079956
	0.737610	-0.193787
	0.999451	-0.232239
	0.983582	-0.124817
	0.968933	-0.258484
	0.758362	-0.173035
	1.164551	-0.204163
	1.040344	-0.250549
	0.825195	-0.110474
	0.655823	-0.302734
	1.084290	-0.086975
	0.926819	-0.211182
	1.174622	-0.202637
	1.025391	-0.099182
	1.037598	-0.254211
	0.584106	-0.140686
	0.850525	-0.205994
	1.071777	-0.237732
	0.797424	-0.148926
	1.195374	-0.222473
	0.803223	-0.211792
	0.725708	-0.119324
	0.531311	-0.275269
	1.001282	-0.063171
	1.064148	-0.234985
	1.073914	-0.204773
	0.834961	-0.075684
	0.849609	-0.282288
	0.774231	-0.108948
	0.975342	-0.229492
	1.208191	-0.250244
	0.943604	-0.133972
	0.795898	-0.282288
	0.500488	-0.171509
	0.812683	-0.164795
	1.128235	-0.268860
	1.202698	-0.061035
	0.884399	-0.195923
	0.534973	-0.154114
	0.783691	-0.117187
	0.952454	-0.238647
	1.116028	-0.102844
	1.022949	-0.291748
	1.093140	-0.167847
	0.710144	-0.257874
	1.007690	-0.208740
	1.007996	-0.202026
	0.937195	-0.183716
	0.944824	-0.131836
	0.572510	-0.251160
	0.996399	-0.089417
	1.276855	-0.211792
	1.145630	-0.143127
	0.649109	-0.156250
	0.673523	-0.264282
	0.795898	-0.160522
	1.051331	-0.216064
	1.382141	-0.266418
	0.861511	-0.156250
	0.671387	-0.247192
	0.850220	-0.158691
	0.879211	-0.158691
	1.105042	-0.180664
	0.907288	-0.125427
	1.034241	-0.198364
	0.884705	-0.145569
	0.671387	-0.194702
	0.794373	-0.203247
	0.943298	-0.209351
	1.123657	-0.197449
	0.955811	-0.218201
	0.785828	-0.158386
	0.503845	-0.217285
	0.791016	-0.135498
	1.002808	-0.191345
	1.171875	-0.165405
	1.017456	-0.132446
	0.865173	-0.241089
	0.693665	-0.165100
	0.969849	-0.208435
	1.076965	-0.208435
	0.960083	-0.205688
	0.993042	-0.204163
	0.928650	-0.243225
	0.950623	-0.135193
	0.712891	-0.269775
	1.017761	-0.123291
	1.244202	-0.189819
	1.101379	-0.211792
	0.549622	-0.077209
	0.742798	-0.284119
	0.861511	-0.126038
	1.004944	-0.196228
	1.207275	-0.230103
	0.839539	-0.141602
	0.922546	-0.245056
	0.652161	-0.208130
	1.389771	-0.105286
	0.866394	-0.281067
	0.783386	-0.045166
	0.825500	-0.261841
	1.217346	-0.159302
	0.980225	-0.105286
	0.600891	-0.319824
	0.691528	-0.046692
	0.840454	-0.305786
	1.009521	-0.158691
	1.089783	-0.144043
	0.901489	-0.307617
	0.584717	-0.076904
	1.035767	-0.207825
	1.209106	-0.202026
	1.027527	-0.063171
	0.785522	-0.326233
	0.692444	-0.127869
	1.133728	-0.163879
	1.098938	-0.309448
	0.953064	-0.055237
	0.969849	-0.329895
	0.771179	-0.151367
	1.018066	-0.174866
	1.127014	-0.260315
	0.849609	-0.094910
	0.774841	-0.214844
	0.808411	-0.169983
	1.036377	-0.125427
	0.874939	-0.291138
	1.081848	-0.075073
	0.879822	-0.293274
	0.950012	-0.190735
	0.934143	-0.128479
	0.882568	-0.332642
	0.765991	-0.079956
	0.915833	-0.313416
	1.220093	-0.118408
	0.926819	-0.151978
	0.837402	-0.238647
	0.484924	-0.063171
	0.816956	-0.254517
	1.154480	-0.143738
	1.077271	-0.158997
	1.130676	-0.239868
	0.943604	-0.134583
	0.727539	-0.248108
	0.650635	-0.227661
	0.945129	-0.111084
	1.133118	-0.321960
	1.160889	-0.088196
	0.613403	-0.213013
	0.645142	-0.177917
	0.484619	-0.107422
	0.913696	-0.251160
	1.174622	-0.092163
	1.094666	-0.197449
	0.962219	-0.200806
	0.811462	-0.115967
	0.800781	-0.298157
	0.891113	-0.143127
	0.752258	-0.186768
	0.659485	-0.278931
	1.199036	-0.105896
	1.528320	-0.278931
	0.869446	-0.124207
	0.716858	-0.165100
	0.686951	-0.206604
	1.021118	-0.093384
	1.006470	-0.258179
	0.956116	-0.123291
	0.953674	-0.203247
	0.807800	-0.258179
	0.794678	-0.125427
	0.970154	-0.261536
	1.203613	-0.238342
	1.050720	-0.106812
	0.922546	-0.319519
	0.799866	-0.061035
	0.844727	-0.194702
	1.067505	-0.213928
	0.798340	-0.054626
	0.880127	-0.321655
	0.758972	-0.108948
	0.899963	-0.224304
	0.952454	-0.256653
	0.872192	-0.124512
	0.945740	-0.286865
	0.867310	-0.167542
	0.970459	-0.173950
	1.078796	-0.223694
	0.986938	-0.090942
	0.525513	-0.260620
	0.640869	-0.093994
	0.790405	-0.163879
	0.975037	-0.221558
	0.933838	-0.082092
	0.857849	-0.295715
	0.942993	-0.146179
	0.832520	-0.247192
	1.099548	-0.225525
	0.970764	-0.155334
	0.919495	-0.224915
	0.729065	-0.150452
	0.677490	-0.127869
	1.091919	-0.218506
	1.080017	-0.085449
	0.850830	-0.207825
	0.791016	-0.185242
	0.879517	-0.145264
	0.857239	-0.283203
	0.696716	-0.117798
	0.776672	-0.286560
	1.075134	-0.181885
	1.130981	-0.162659
	1.012573	-0.281677
	0.940552	-0.088806
	0.843811	-0.190735
	0.827637	-0.208435
	0.890808	-0.082703
	0.953674	-0.220642
	1.160278	-0.144653
	0.842896	-0.187988
	0.784607	-0.233459
	0.604248	-0.136719
	0.864563	-0.246582
	1.157837	-0.194092
	1.213074	-0.234985
	1.110840	-0.209656
	0.469055	-0.191040
	0.631104	-0.222168
	1.003418	-0.176086
	1.324158	-0.167236
	1.408386	-0.178833
	1.212158	-0.148926
	0.703430	-0.201111
	0.478516	-0.194397
	0.666504	-0.184021
